128	0	0
130	2	0
132	5	0
135	7	0
137	10	0
140	12	0
142	15	0
145	17	0
147	20	0
150	22	0
152	25	0
155	27	0
157	30	0
160	32	0
162	35	0
165	37	0
167	40	0
170	42	0
172	45	0
175	47	0
177	50	0
180	52	0
182	55	0
185	57	0
187	60	0
190	62	0
192	65	0
195	68	0
197	70	0
200	73	0
202	75	0
205	78	0
207	80	0
210	83	0
212	85	0
215	88	0
217	90	0
220	93	0
222	95	0
225	98	0
227	100	0
230	103	0
232	105	0
235	108	0
237	110	0
240	113	0
242	115	0
245	118	0
247	120	0
250	123	0
252	125	0
255	128	0
255	130	2
255	132	5
255	135	7
255	137	10
255	140	12
255	142	15
255	145	17
255	147	20
255	150	22
255	152	25
255	155	27
255	157	30
255	160	32
255	162	35
255	165	37
255	167	40
255	170	42
255	172	45
255	175	47
255	177	50
255	180	52
255	182	55
255	185	57
255	187	60
255	190	62
255	192	65
255	195	68
255	197	70
255	200	73
255	202	75
255	205	78
255	207	80
255	210	83
255	212	85
255	215	88
255	217	90
255	220	93
255	222	95
255	225	98
255	227	100
255	230	103
255	232	105
255	235	108
255	237	110
255	240	113
255	242	115
255	245	118
255	247	120
255	250	123
255	252	125
255	255	128
250	255	128
245	255	128
240	255	128
235	255	128
230	255	128
225	255	128
220	255	128
215	255	128
210	255	128
205	255	128
200	255	128
195	255	128
190	255	128
185	255	128
180	255	128
175	255	128
170	255	128
165	255	128
160	255	128
155	255	128
150	255	128
145	255	128
140	255	128
135	255	128
130	255	128
128	255	130
128	255	135
128	255	140
128	255	145
128	255	150
128	255	155
128	255	160
128	255	165
128	255	170
128	255	175
128	255	180
128	255	185
128	255	190
128	255	195
128	255	200
128	255	205
128	255	210
128	255	215
128	255	220
128	255	225
128	255	230
128	255	235
128	255	240
128	255	245
128	255	250
128	255	255
125	253	255
123	250	255
120	247	255
118	245	255
115	243	255
113	240	255
110	237	255
108	235	255
105	233	255
103	230	255
100	227	255
98	225	255
95	223	255
93	220	255
90	217	255
88	215	255
85	213	255
83	210	255
80	207	255
78	205	255
75	203	255
73	200	255
70	197	255
68	195	255
65	193	255
63	190	255
60	187	255
58	185	255
55	182	255
53	180	255
50	177	255
48	175	255
45	172	255
43	170	255
40	167	255
38	165	255
35	162	255
33	160	255
30	157	255
28	155	255
25	152	255
23	150	255
20	147	255
18	145	255
15	142	255
13	140	255
10	137	255
8	135	255
5	132	255
3	130	255
0	128	255
2	125	253
5	123	250
7	120	247
10	118	245
12	115	243
15	113	240
17	110	237
20	108	235
22	105	233
25	103	230
27	100	227
30	98	225
32	95	223
35	93	220
37	90	217
40	88	215
42	85	213
45	83	210
47	80	207
50	78	205
52	75	203
55	73	200
57	70	197
60	68	195
62	65	193
65	63	190
68	60	187
70	58	185
73	55	182
75	53	180
78	50	177
80	48	175
83	45	172
85	43	170
88	40	167
90	38	165
93	35	162
95	33	160
98	30	157
100	28	155
103	25	152
105	23	150
108	20	147
110	18	145
113	15	142
115	13	140
118	10	137
120	8	135
123	5	132
125	3	130
0	0	0
