      240.000      160.000      40.0000
      240.000      160.000      40.0000
      240.000      160.000      40.0000
      243.000      179.000      32.0000
      243.000      179.000      32.0000
      243.000      179.000      32.0000
      246.000      198.000      24.0000
      246.000      198.000      24.0000
      246.000      198.000      24.0000
      249.000      217.000      16.0000
      249.000      217.000      16.0000
      249.000      217.000      16.0000
      252.000      236.000      8.00000
      252.000      236.000      8.00000
      252.000      236.000      8.00000
      255.000      255.000      0.00000
      255.000      255.000      0.00000
      255.000      255.000      0.00000
      160.000      100.000      40.0000
      160.000      100.000      40.0000
      160.000      100.000      40.0000
      184.000      75.0000      30.0000
      184.000      75.0000      30.0000
      184.000      75.0000      30.0000
      208.000      50.0000      20.0000
      208.000      50.0000      20.0000
      208.000      50.0000      20.0000
      208.000      50.0000      20.0000
      232.000      25.0000      10.0000
      232.000      25.0000      10.0000
      232.000      25.0000      10.0000
      255.000      0.00000      0.00000
      255.000      0.00000      0.00000
      255.000      0.00000      0.00000
      0.00000      160.000      0.00000
      0.00000      160.000      0.00000
      0.00000      160.000      0.00000
      15.0000      171.000      0.00000
      15.0000      171.000      0.00000
      15.0000      171.000      0.00000
      29.0000      182.000      0.00000
      29.0000      182.000      0.00000
      29.0000      182.000      0.00000
      43.0000      192.000      0.00000
      43.0000      192.000      0.00000
      43.0000      192.000      0.00000
      57.0000      203.000      0.00000
      57.0000      203.000      0.00000
      57.0000      203.000      0.00000
      71.0000      213.000      0.00000
      71.0000      213.000      0.00000
      71.0000      213.000      0.00000
      85.0000      224.000      0.00000
      85.0000      224.000      0.00000
      85.0000      224.000      0.00000
      99.0000      234.000      0.00000
      99.0000      234.000      0.00000
      99.0000      234.000      0.00000
      113.000      245.000      0.00000
      113.000      245.000      0.00000
      113.000      245.000      0.00000
      127.000      255.000      0.00000
      127.000      255.000      0.00000
      127.000      255.000      0.00000
      0.00000      0.00000      180.000
      0.00000      0.00000      180.000
      0.00000      0.00000      180.000
      0.00000      25.0000      189.000
      0.00000      25.0000      189.000
      0.00000      25.0000      189.000
      0.00000      49.0000      197.000
      0.00000      49.0000      197.000
      0.00000      49.0000      197.000
      0.00000      74.0000      205.000
      0.00000      74.0000      205.000
      0.00000      74.0000      205.000
      0.00000      98.0000      214.000
      0.00000      98.0000      214.000
      0.00000      98.0000      214.000
      0.00000      123.000      222.000
      0.00000      123.000      222.000
      0.00000      123.000      222.000
      0.00000      147.000      230.000
      0.00000      147.000      230.000
      0.00000      147.000      230.000
      0.00000      172.000      239.000
      0.00000      172.000      239.000
      0.00000      172.000      239.000
      0.00000      196.000      247.000
      0.00000      196.000      247.000
      0.00000      196.000      247.000
      0.00000      220.000      255.000
      0.00000      220.000      255.000
      0.00000      220.000      255.000
      240.000      240.000      240.000
      240.000      240.000      240.000
      240.000      240.000      240.000
      240.000      240.000      240.000
      236.000      236.000      236.000
      236.000      236.000      236.000
      236.000      236.000      236.000
      232.000      232.000      232.000
      232.000      232.000      232.000
      232.000      232.000      232.000
      228.000      228.000      228.000
      228.000      228.000      228.000
      228.000      228.000      228.000
      223.000      223.000      223.000
      223.000      223.000      223.000
      223.000      223.000      223.000
      219.000      219.000      219.000
      219.000      219.000      219.000
      219.000      219.000      219.000
      215.000      215.000      215.000
      215.000      215.000      215.000
      215.000      215.000      215.000
      211.000      211.000      211.000
      211.000      211.000      211.000
      211.000      211.000      211.000
      206.000      206.000      206.000
      206.000      206.000      206.000
      206.000      206.000      206.000
      202.000      202.000      202.000
      202.000      202.000      202.000
      202.000      202.000      202.000
      197.000      197.000      197.000
      197.000      197.000      197.000
      197.000      197.000      197.000
      192.000      192.000      192.000
      192.000      192.000      192.000
      192.000      192.000      192.000
      187.000      187.000      187.000
      187.000      187.000      187.000
      187.000      187.000      187.000
      182.000      182.000      182.000
      182.000      182.000      182.000
      182.000      182.000      182.000
      177.000      177.000      177.000
      177.000      177.000      177.000
      177.000      177.000      177.000
      172.000      172.000      172.000
      172.000      172.000      172.000
      172.000      172.000      172.000
      166.000      166.000      166.000
      166.000      166.000      166.000
      166.000      166.000      166.000
      161.000      161.000      161.000
      161.000      161.000      161.000
      161.000      161.000      161.000
      155.000      155.000      155.000
      155.000      155.000      155.000
      155.000      155.000      155.000
      149.000      149.000      149.000
      149.000      149.000      149.000
      149.000      149.000      149.000
      142.000      142.000      142.000
      142.000      142.000      142.000
      142.000      142.000      142.000
      136.000      136.000      136.000
      136.000      136.000      136.000
      136.000      136.000      136.000
      129.000      129.000      129.000
      129.000      129.000      129.000
      129.000      129.000      129.000
      121.000      121.000      121.000
      121.000      121.000      121.000
      121.000      121.000      121.000
      121.000      121.000      121.000
      114.000      114.000      114.000
      114.000      114.000      114.000
      114.000      114.000      114.000
      105.000      105.000      105.000
      105.000      105.000      105.000
      105.000      105.000      105.000
      96.0000      96.0000      96.0000
      96.0000      96.0000      96.0000
      96.0000      96.0000      96.0000
      86.0000      86.0000      86.0000
      86.0000      86.0000      86.0000
      86.0000      86.0000      86.0000
      74.0000      74.0000      74.0000
      74.0000      74.0000      74.0000
      74.0000      74.0000      74.0000
      60.0000      60.0000      60.0000
      60.0000      60.0000      60.0000
      60.0000      60.0000      60.0000
      43.0000      43.0000      43.0000
      43.0000      43.0000      43.0000
      43.0000      43.0000      43.0000
      26.0000      26.0000      26.0000
      26.0000      26.0000      26.0000
      0.00000      0.00000      0.00000
