 164 100  26
 165  98  26
 166  96  25
 167  95  25
 168  94  25
 169  93  24
 170  92  24
 171  91  24
 172  90  24
 173  88  23
 174  87  23
 175  86  23
 176  85  22
 177  84  22
 178  83  22
 180  82  22
 181  80  21
 182  79  21
 183  78  21
 184  77  20
 185  76  20
 186  75  20
 187  74  20
 188  73  19
 189  71  19
 190  70  19
 191  69  18
 192  68  18
 194  67  18
 195  66  18
 196  65  17
 197  63  17
 198  62  17
 199  61  16
 200  60  16
 201  59  16
 202  58  16
 203  57  15
 204  55  15
 205  54  15
 206  53  14
 207  52  14
 209  51  14
 210  50  14
 211  49  13
 212  48  13
 213  46  13
 214  45  12
 215  44  12
 216  43  12
 217  42  12
 218  41  11
 219  40  11
 220  38  11
 221  37  10
 223  36  10
 224  35  10
 225  34  10
 226  33   9
 227  32   9
 228  30   9
 229  29   8
 230  28   8
 231  27   8
 232  26   8
 233  25   7
 234  24   7
 235  23   7
 236  21   6
 238  20   6
 239  19   6
 240  18   6
 241  17   5
 242  16   5
 243  15   5
 244  13   4
 245  12   4
 246  11   4
 247  10   4
 248   9   3
 249   8   3
 250   7   3
 252   6   3
 244 205   3
 243 206   2
 243 207   2
 243 208   2
 243 209   2
 243 210   2
 243 211   2
 243 212   2
 243 213   2
 243 214   2
 243 215   2
 243 216   2
 243 217   2
 243 218   2
 243 219   2
 243 220   2
 243 221   2
 243 222   2
 243 223   2
 243 224   2
 242 225   2
 242 226   2
 242 227   2
 242 228   2
 242 229   2
 242 230   2
 242 231   2
 242 232   2
 242 233   2
 242 234   2
 242 235   2
 242 236   2
 242 237   2
 242 238   2
 242 239   2
 242 240   2
 242 241   2
 242 242   2
 242 244   2
 140 243   2
 138 242   2
 136 241   2
 134 240   2
 132 239   2
 130 238   2
 128 237   2
 126 236   2
 124 235   2
 122 234   2
 121 233   2
 119 232   2
 117 231   2
 115 230   2
 113 229   2
 111 228   2
 109 227   2
 107 227   2
 105 226   2
 104 225   2
 102 224   2
 100 223   2
  98 222   2
  96 221   2
  94 220   2
  92 219   2
  90 218   2
  88 217   2
  86 216   2
  85 215   2
  83 214   2
  81 213   2
  79 212   2
  77 212   2
  75 211   2
  73 210   2
  71 209   2
  69 208   2
  68 207   2
  66 206   2
  64 205   2
  62 204   2
  60 203   2
  58 202   2
  56 201   2
  54 200   2
  52 199   2
  50 198   2
  49 197   2
  47 196   2
  45 196   2
  43 195   2
  41 194   2
  39 193   2
  37 192   2
  35 191   2
  33 190   2
  32 189   2
  30 188   2
  28 187   2
  26 186   2
  24 185   2
  22 184   2
  20 183   2
  18 182   2
  16 181   2
  15 181   3
   6 220 253
   6 216 251
   6 213 250
   6 210 249
   6 207 248
   6 203 247
   6 200 246
   6 197 245
   6 194 244
   6 191 243
   6 187 242
   6 184 241
   6 181 239
   6 178 238
   6 175 237
   6 171 236
   6 168 235
   6 165 234
   6 162 233
   6 158 232
   6 155 231
   6 152 230
   6 149 229
   6 146 227
   6 142 226
   6 139 225
   6 136 224
   6 133 223
   6 130 222
   6 126 221
   6 123 220
   6 120 219
   6 117 218
   6 114 217
   6 110 215
   6 107 214
   6 104 213
   6 101 212
   6  97 211
   6  94 210
   6  91 209
   6  88 208
   6  85 207
   6  81 206
   6  78 205
   6  75 203
   6  72 202
   6  69 201
   6  65 200
   6  62 199
   6  59 198
   6  56 197
   6  52 196
   6  49 195
   6  46 194
   6  43 193
   6  40 191
   6  36 190
   6  33 189
   6  30 188
   6  27 187
   6  24 186
   6  20 185
   6  17 184
   6  14 183
   6  11 182
   7   8 181
